300 68
300 65
1238 80
1238 77
3015 73
3015 77
4349 69
4349 66
4760 75
4760 72
5154 73
5154 77
5586 72
5586 75
8121 68
8121 65
8556 70
8556 73
8970 75
8970 72
9370 70
9370 73
10041 77
11344 73
11992 66
11992 63
12412 68
12412 72
12814 73
12814 70
13231 72
13231 68
15766 66
15766 61
15766 63
16189 70
16601 72
17001 70
17409 75
17789 70
18184 68
18184 63
18184 66
18184 60
18574 70
18956 68
19343 61
19343 63
19343 58
19745 66
20133 68
20508 66
21684 65
21684 60
21684 57
21684 63
22861 56
22861 58
22861 61
23274 65
23680 66
24077 65
24485 70
24872 65
25264 54
25264 63
25649 65
26041 63
26433 53
26433 56
26433 58
26826 61
27215 63
27605 61
28774 51
28774 56
28774 54
28774 60
29488 44
30424 37
30868 53
30868 56
31260 68
31260 65
31816 80
31816 77
33149 73
33149 77
34482 42
34893 61
34893 75
34893 49
34893 49
34893 66
34893 70
34893 54
34893 58
35288 77
35720 75
38209 49
38209 41
38644 53
38644 56
38644 68
38644 61
38644 73
39057 63
39057 75
39526 73
39526 65
39526 80
39526 68
39526 61
40794 65
40794 73
40794 56
40794 77
40794 61
42061 42
42472 66
42472 75
42472 49
42472 58
42472 54
42472 61
42472 70
42472 49
42867 77
43299 75
44566 73
45834 44
46269 59
46269 53
46269 61
46269 73
46269 68
46682 63
46682 75
47155 70
47155 59
47155 61
47155 82
47155 65
47853 80
47853 68
49141 65
49141 77
49141 77
49775 46
50186 75
50186 63
50186 65
50186 53
50186 58
50566 77
50977 75
51691 61
51691 73
53064 70
53064 70
54214 39
54214 27
54858 89
54858 65
54858 77
55900 70
55900 82
55900 87
55900 66
55900 75
55900 63
56282 63
56282 75
56282 66
56282 82
56282 87
56282 70
56282 70
56282 82
56282 66
56665 70
56665 87
56665 82
56665 75
56665 66
56665 63
57059 66
57059 82
57059 61
57059 70
57059 73
57059 85
57441 61
57441 70
57441 85
57441 82
57441 73
57441 66
57824 61
57824 85
57824 66
57824 82
57824 70
57824 73
58218 84
58218 70
58218 60
58218 78
58218 72
58218 82
58218 66
58600 60
58600 82
58600 84
58600 72
58600 66
58600 78
58600 70
58983 60
58983 70
58983 72
58983 82
58983 84
58983 66
58983 78
59585 70
59585 66
59585 61
59585 73
59585 85
59585 82
60263 78
60263 66
60263 82
60263 70
60263 61
60263 58
61657 27
61657 46
61657 39
63344 78
63344 75
63344 90
63344 66
63344 70
63344 82
63716 89
63716 89
63716 70
63716 82
63716 65
63716 66
63716 77
63716 82
63716 70
63716 77
63716 66
63716 65
64089 63
64089 66
64089 70
64089 75
64089 82
64089 87
64469 66
64469 70
64469 89
64469 82
64469 77
64469 65
64839 87
64839 70
64839 75
64839 82
64839 66
64839 63
65207 61
65207 70
65207 82
65207 73
65207 85
65207 66
65597 66
65597 70
65597 75
65597 87
65597 82
65597 63
65979 70
65979 82
65979 85
65979 73
65979 66
65979 61
66361 60
66361 72
66361 70
66361 66
66361 84
66361 82
66910 87
66963 66
66963 70
66963 73
66963 82
66963 85
66963 61
67641 70
67641 82
67641 58
67641 63
67641 78
67641 66
68964 32
68964 44
69514 66
69514 54
69514 78
70032 63
70032 80
70032 75
70032 56
70032 68
70549 60
70549 84
70549 60
70549 72
71082 82
71082 58
71082 70
71082 78
71082 63
71629 66
71629 78
71629 54
71629 66
72175 45
72175 33
72541 75
72541 54
72541 66
72541 60
72541 78
72541 63
72541 72
72877 66
72877 63
72877 78
72877 72
72877 60
72877 54
72877 75
73203 72
73203 78
73203 60
73203 66
73203 63
73203 75
73203 54
73532 75
73532 54
73532 60
73532 78
73532 63
73532 72
73532 66
73853 60
73853 63
73853 68
73853 80
73853 56
73853 75
73853 72
74197 60
74197 63
74197 54
74197 78
74197 72
74197 66
74197 75
75229 46
75229 34
75757 66
75757 54
75757 58
75757 61
75757 73
75757 78
76264 56
76264 80
76264 68
76767 73
76767 85
76767 61
77281 61
77281 70
77281 82
77281 58
77816 66
77816 54
77816 66
77816 78
77816 78
78351 48
78351 36
78698 54
78698 66
78698 58
78698 75
78698 63
78698 70
78698 78
79023 75
79023 63
79023 78
79023 70
79023 58
79023 54
79023 66
79342 75
79342 78
79342 58
79342 66
79342 63
79342 70
79342 54
79668 70
79668 54
79668 58
79668 75
79668 63
79668 66
79668 78
79987 56
79987 65
79987 77
79987 80
79987 60
79987 72
79987 68
80322 66
80322 63
80322 54
80322 75
80322 78
80322 70
80322 58
81326 49
81326 37
81855 70
81855 54
81855 58
81855 66
81855 78
81855 61
81855 73
82361 80
82361 56
82361 68
82862 87
82862 63
82862 75
83368 78
83368 85
83368 66
83368 61
83368 73
83902 70
83902 58
83902 82
83902 82
83902 70
84437 51
84437 39
84784 78
84784 70
84784 82
84784 54
84784 63
84784 58
85109 63
85109 78
85109 82
85109 58
85109 70
85109 54
85429 70
85429 54
85429 58
85429 78
85429 82
85429 63
85754 63
85754 70
85754 82
85754 78
85754 54
85754 58
86073 56
86073 65
86073 84
86073 60
86073 80
86073 72
86408 78
86408 54
86408 70
86408 82
86408 58
86408 63
86755 70
86755 73
86755 85
86755 82
86755 61
86755 66
87088 66
87088 70
87088 75
87088 82
87088 87
87088 63
87262 65
87308 68
87355 73
87402 77
87448 80
87495 85
87542 92
89335 64
89375 68
89415 70
89455 73
89494 76
89534 80
89574 85
89616 92
90463 63
90507 66
90552 68
90596 73
90640 75
90685 80
90729 85
90776 92
92559 56
92639 63
92722 66
92810 72
92902 68
93001 75
93105 80
94363 37
94363 68
94534 44
94706 49
94877 53
95049 56
95220 61
95401 41
95572 48
95744 53
95915 56
96087 60
96258 65
96258 65
96435 71
96435 44
96609 52
96782 56
96956 59
97129 73
97129 64
97323 68
97323 68
97525 68
97525 37
97525 65
97697 44
97868 49
98040 53
98211 56
98382 61
98562 41
98726 48
98890 53
99054 56
99218 60
99382 65
99560 68
99560 44
99560 71
99723 52
99886 56
100049 59
100212 68
100372 64
100532 73
100532 37
100532 65
100690 44
100849 49
101008 53
101167 56
101167 68
101167 75
101323 61
101482 73
101482 65
101482 77
101636 68
101791 65
101946 61
102100 56
102255 53
102410 56
102410 73
102410 65
102569 53
102729 49
102888 44
103048 77
103048 73
103048 49
103209 44
103380 75
103380 39
103380 79
103536 46
103691 73
103691 51
103691 77
103844 55
103998 70
103998 58
103998 73
104147 63
104305 70
104305 67
104305 73
104458 63
104611 65
104611 58
104764 55
104917 61
104917 51
105071 46
105230 39
105230 61
105383 46
105536 51
105690 58
105690 55
105845 51
106001 46
106166 70
106166 44
106314 51
106462 54
106610 58
106758 60
106905 66
107060 42
107208 49
107356 54
107503 58
107651 61
107799 66
107956 41
107956 72
108104 48
108252 53
108405 56
108559 77
108559 60
108569 68
108713 65
108906 70
108906 44
109054 51
109201 54
109349 58
109497 60
109645 66
109799 42
109947 49
110092 54
110238 58
110384 61
110530 66
110682 72
110682 41
110829 48
110977 53
111122 56
111267 77
111267 60
111276 68
111420 65
111572 39
111572 78
111721 46
111869 51
112018 54
112166 58
112315 63
112463 66
112608 66
112753 70
112898 77
112898 65
113043 66
113188 70
113333 62
113333 74
113478 66
113623 70
113768 63
113768 75
113909 66
114049 70
114190 62
114190 82
114331 66
114472 70
114613 70
114754 78
114895 82
115035 63
115176 66
115317 70
115458 70
115599 78
115740 82
115886 56
115886 60
115886 80
116030 64
116176 68
116324 72
116473 76
116628 80
116793 49
116793 80
116950 56
117101 61
117249 65
117396 68
117542 73
117686 53
117686 56
117829 60
117972 65
118114 68
118257 72
118400 77
118400 77
118546 80
118546 59
118546 56
118546 83
118685 64
118824 68
118969 71
119114 76
119114 85
119270 80
119427 80
119427 49
119570 56
119714 61
119857 65
120001 68
120144 73
120288 53
120288 56
120431 60
120574 65
120717 68
120860 72
121002 77
121002 77
121149 59
121149 56
121149 83
121149 80
121283 64
121417 68
121551 71
121684 80
121684 80
121813 76
121942 61
121942 59
121942 85
122073 64
122204 68
122335 73
122335 71
122466 80
122587 76
122707 64
122707 61
122707 88
122832 68
122956 71
123081 73
123081 76
123205 85
123324 80
123442 92
123442 68
123442 64
123566 71
123690 73
123814 76
123814 80
123938 88
124051 83
124185 68
124185 92
124309 69
124433 73
124557 80
124681 85
124804 81
124928 66
124928 90
125052 69
125176 73
125300 78
125424 85
125548 81
125672 66
125672 65
125796 69
125920 73
126044 78
126168 85
126292 81
126422 64
126422 90
126546 66
126669 69
126793 78
126916 85
127040 81
127163 66
127163 63
127286 69
127410 73
127533 78
127657 85
127780 81
127904 61
127904 93
127904 64
128030 69
128156 73
128282 76
128408 97
128539 85
128671 78
128671 59
128795 63
128918 66
129041 66
129165 73
129288 69
129412 57
129535 61
129659 64
129782 66
129906 73
130029 69
130153 81
130153 56
130279 61
130405 64
130531 69
130657 76
130657 85
130794 81
130932 88
130932 85
131072 61
131212 87
131212 64
131212 83
131353 66
131493 81
131493 69
131493 85
131630 73
131768 83
131768 76
131768 80
131915 78
132062 76
132209 81
132209 73
132209 78
132356 69
132494 66
132631 64
132769 66
132907 76
132907 64
132907 80
133044 61
133182 57
133182 75
133182 78
133319 54
133319 54
133457 73
133457 42
133457 76
133598 49
133739 71
133739 52
133739 75
133880 54
134020 69
134020 57
134020 73
134159 61
134298 71
134298 64
134298 68
134448 61
134597 69
134597 57
134597 66
134746 54
134895 64
134895 68
134895 52
135035 49
135174 42
135174 57
135314 49
135453 66
135453 63
135453 42
135598 49
135743 64
135743 42
135743 61
135895 49
136046 63
136046 44
136046 54
136215 51
136383 44
136552 51
136720 44
136720 56
136884 51
137047 44
137047 58
137197 51
137348 44
137499 51
137650 61
137650 61
137650 44
137798 51
137947 66
137947 44
137947 63
137947 60
138097 51
138247 44
138397 51
138547 66
138547 70
138547 44
138547 63
138705 51
138864 44
138864 54
138864 63
139027 51
139190 44
139353 51
139516 56
139516 44
139676 51
139835 58
139835 44
139985 51
140135 44
140285 51
140435 44
140435 61
140435 61
140584 51
140732 44
140732 63
140732 66
140732 60
140882 51
141032 44
141182 51
141332 44
141332 63
141332 70
141332 66
141485 51
141639 61
141639 44
141792 39
141945 77
141945 44
141945 72
141945 68
142091 51
142237 70
142237 44
142237 66
142237 75
142384 51
142530 56
142530 61
142530 70
142530 66
142679 51
142829 56
142829 58
142976 63
143123 56
143123 61
143268 51
143414 56
143414 68
143414 58
143414 66
143561 51
143708 44
143708 60
143854 51
143999 63
143999 44
144144 39
144288 70
144288 44
144288 66
144288 61
144433 39
144579 77
144579 44
144579 68
144579 72
144724 51
144869 70
144869 44
144869 75
144869 66
145014 51
145159 66
145159 70
145159 56
145159 61
145309 51
145460 56
145460 58
145607 63
145754 56
145754 61
145900 51
146046 66
146046 56
146046 58
146046 68
146196 51
146346 56
146346 60
146493 51
146640 56
146640 63
146791 51
146957 75
146957 54
147112 63
147266 66
147421 70
147576 66
147576 56
147726 63
147876 58
148029 63
148182 66
148335 70
148488 66
148488 61
148488 61
148636 63
148785 60
148785 78
148941 63
149097 66
149254 70
149410 72
149410 82
149576 75
149741 54
149741 75
149899 63
150056 66
150213 70
150369 66
150369 56
150524 63
150679 58
150841 63
151003 66
151165 70
151327 66
151327 61
151327 61
151501 63
151674 60
151674 78
151843 63
152011 66
152180 70
152348 72
152348 82
152548 75
152748 87
152911 70
153068 73
153224 75
153380 78
153535 82
153690 66
153850 70
154005 73
154159 75
154314 78
154469 84
154623 66
154623 66
154783 70
154937 73
155092 75
155249 78
155406 82
155733 69
155893 73
156054 75
156214 78
156375 81
156535 85
156535 66
156701 69
156867 73
157032 75
157198 78
157364 83
157530 87
157530 66
157530 66
157703 69
157881 73
158065 75
158256 78
158452 81
158723 65
158970 68
159188 72
159388 77
159579 80
159763 84
160030 89
160030 92
161364 89
161364 65
162697 65
162901 69
163100 72
163100 87
163100 84
163291 75
163482 89
163482 77
163482 85
163676 81
163874 87
163874 84
165142 65
166409 65
166607 68
166800 82
166800 70
166800 85
166988 73
167177 77
167177 87
167177 84
167370 80
167566 85
167566 82
168237 89
168237 85
168893 65
169540 82
169540 85
170188 63
170388 66
170581 68
170581 80
170581 84
170765 72
170949 82
170949 75
170949 85
171138 78
171332 84
171332 80
172599 63
173867 61
174061 63
174250 82
174250 66
174250 78
174436 70
174623 73
174623 80
174623 84
174812 75
175004 82
175004 78
175412 87
175792 60
175792 82
175890 63
175986 65
176079 68
176169 80
176169 77
176169 72
176554 82
176926 80
177314 48
177505 54
177688 58
177688 75
177688 78
177870 60
178052 63
178052 77
178052 80
178239 66
178427 70
178427 78
178427 75
179603 63
179603 53
179603 60
179603 69
179603 77
180780 56
180976 58
181167 61
181167 73
181167 77
181356 65
181545 78
181545 68
181545 75
181733 70
181923 73
181923 77
182332 82
182719 77
182818 54
182915 58
183012 61
183107 73
183107 75
183107 63
183470 77
183841 75
184233 53
184421 56
184607 70
184607 58
184607 73
184789 61
184973 65
184973 72
184973 75
185159 68
185350 70
185350 73
186558 51
186558 54
186558 60
186558 72
186558 68
187302 44
188319 37
188791 53
188791 56
189207 68
189207 65
189826 80
189826 59
189826 77
191277 77
191277 73
192694 42
193131 75
193131 49
193131 49
193131 61
193131 70
193131 66
193131 54
193131 58
193550 77
194008 75
196649 44
197111 56
197111 53
197111 73
197111 61
197111 68
197550 75
197550 63
198047 59
198047 61
198047 65
198047 77
198047 68
198047 80
199393 61
199393 77
199393 65
199393 73
200738 46
201174 75
201174 58
201174 63
201174 65
201174 53
201174 70
201593 77
202051 75
203397 61
203397 73
204825 41
205309 61
205309 56
205781 63
206381 61
206381 70
206381 65
207777 56
207777 61
207777 65
209172 39
209664 66
209664 61
209664 58
210136 68
210730 51
210730 70
210730 73
210730 66
212148 61
212148 70
212148 66
212148 63
213565 44
214057 70
214057 66
214057 60
214293 51
214529 72
215123 80
215123 72
215123 68
215123 77
216689 56
216689 60
216689 68
216689 66
218325 37
218616 44
218852 49
219080 53
219302 56
219519 61
219732 41
219961 48
220174 53
220382 56
220586 60
220786 65
220982 37
221208 44
221414 49
221617 53
221818 56
222016 61
222211 41
222438 48
222646 53
222849 56
223049 60
223250 65
223486 71
223486 44
223486 68
223710 52
223917 56
224127 59
224340 64
224574 66
224822 64
224822 68
224822 73
226218 49
226476 56
226707 61
226931 65
227149 68
227362 73
227568 53
227797 60
228010 65
228219 68
228423 72
228623 77
228819 49
229044 56
229250 61
229454 65
229654 68
229852 73
230048 53
230275 60
230482 65
230686 68
230886 72
231087 77
231323 56
231323 83
231323 80
231547 59
231753 64
231963 68
232176 71
232411 76
232659 85
234054 56
234054 83
234054 80
234278 59
234484 64
234694 68
234907 71
235142 76
235390 85
236785 44
236785 88
238214 37
238214 92
238479 44
238745 49
239010 53
239276 56
239541 61
239807 65
240362 68
240918 73
241473 77
242035 80
242615 85
243107 61
243192 68
243287 73
243415 77
243571 80
243728 85
243884 89
243884 89
244040 92
